>10_1
3.902113
3.618034
3.175570
2.618034
2.000000
1.381966
0.824429
0.381966
0.097887
0.000000
>10_2
4.235660
3.767757
3.225544
2.506384
1.725043
1.000000
1.000000
0.436732
0.102880
0.000000
>10_3
4.278414
4.170086
3.317431
2.311108
1.295376
1.000000
1.000000
0.518806
0.108780
0.000000
>10_4
4.346317
3.711969
3.057938
2.401024
2.000000
1.241471
0.669715
0.461579
0.109988
0.000000
>10_5
5.098072
3.738678
3.063647
2.173948
1.270926
1.000000
1.000000
0.539932
0.114796
0.000000
>10_6
4.372130
3.618034
3.084641
2.618034
1.667429
1.381966
0.758554
0.381966
0.117246
0.000000
>10_7
4.372130
4.170087
3.084641
2.311108
1.667429
1.000000
0.758554
0.518806
0.117246
0.000000
>10_8
4.377203
3.532089
3.273890
2.347297
2.000000
1.000000
1.000000
0.348907
0.120615
0.000000
>10_9
5.098591
4.212396
3.097079
1.784643
1.000000
1.000000
1.000000
0.684162
0.123128
0.000000
>10_10
4.644233
3.688494
3.166870
2.535024
1.590420
1.000000
0.772337
0.479047
0.123574
0.000000
>10_11
4.423781
4.092544
3.095352
2.423412
1.429495
1.000000
1.000000
0.409683
0.125732
0.000000
>10_12
4.445786
3.618034
2.796815
2.618034
2.000000
1.381966
0.629674
0.381966
0.127724
0.000000
>10_13
4.445787
4.170086
2.796815
2.311108
2.000000
1.000000
0.629674
0.518806
0.127724
0.000000
>10_14
4.494368
3.899982
3.343924
2.218443
1.522152
1.000000
1.000000
0.392357
0.128773
0.000000
>10_15
5.174440
3.640728
2.788004
2.385123
1.642366
1.000000
0.736982
0.500619
0.131738
0.000000
>10_16
4.655443
4.170086
3.210756
2.311108
1.000000
1.000000
1.000000
0.518806
0.133802
0.000000
>10_17
5.102608
4.295505
2.754541
2.139793
1.000000
1.000000
1.000000
0.572299
0.135254
0.000000
>10_18
6.055049
3.652007
2.768484
1.676442
1.000000
1.000000
1.000000
0.710971
0.137047
0.000000
>10_19
4.533991
3.992285
3.024197
2.343513
1.581964
1.328196
0.632290
0.425750
0.137813
0.000000
>10_20
4.481194
4.114907
2.688892
2.618034
1.745898
1.000000
0.829913
0.381966
0.139194
0.000000
>10_21
4.561553
4.114907
3.618034
1.745898
1.381966
1.000000
1.000000
0.438447
0.139194
0.000000
>10_22
4.697752
3.641445
3.145558
2.257412
2.000000
1.000000
0.693160
0.424922
0.139751
0.000000
>10_23
5.177410
4.170086
2.678363
2.311108
1.000000
1.000000
1.000000
0.518806
0.144227
0.000000
>10_24
5.177410
5.000000
2.678363
1.000000
1.000000
1.000000
1.000000
1.000000
0.144227
0.000000
>10_25
5.130209
4.195887
3.025119
1.694682
1.349368
1.000000
1.000000
0.458157
0.146577
0.000000
>10_26
5.284446
3.777258
3.177137
2.105334
1.000000
1.000000
1.000000
0.508546
0.147277
0.000000
>10_27
4.465879
3.468728
3.092566
2.463095
2.000000
1.293109
0.787299
0.281431
0.147892
0.000000
>10_28
4.705587
3.618034
3.056082
2.618034
1.440030
1.381966
0.649636
0.381966
0.148665
0.000000
>10_29
4.705586
4.170086
3.056082
2.311108
1.440030
1.000000
0.649636
0.518806
0.148665
0.000000
>10_30
5.183015
3.481853
3.109073
2.240132
1.474862
1.000000
1.000000
0.362075
0.148989
0.000000
>10_31
6.055506
4.182037
2.611235
1.000000
1.000000
1.000000
1.000000
1.000000
0.151222
0.000000
>10_32
4.735128
4.082749
3.203581
2.158900
1.501868
1.000000
0.702602
0.461638
0.153534
0.000000
>10_33
4.576705
4.030468
2.618034
2.453866
2.000000
1.186361
0.596510
0.381966
0.156091
0.000000
>10_34
4.707029
3.575640
3.182011
2.452039
1.753438
1.000000
0.845161
0.328036
0.156646
0.000000
>10_35
5.330523
3.583592
3.258282
2.212108
1.000000
1.000000
1.000000
0.456336
0.159159
0.000000
>10_36
5.144632
4.518394
3.061247
1.548752
1.000000
1.000000
1.000000
0.566927
0.160050
0.000000
>10_37
4.852164
3.900602
3.083281
2.460430
1.407664
1.000000
0.690527
0.443927
0.161405
0.000000
>10_38
5.200521
4.170086
2.502662
2.311108
1.507214
1.000000
0.626994
0.518806
0.162608
0.000000
>10_39
5.290164
4.197162
3.282744
1.512876
1.000000
1.000000
1.000000
0.553095
0.163959
0.000000
>10_40
4.556612
3.929266
3.097854
2.325184
1.638541
1.000000
1.000000
0.288526
0.164016
0.000000
>10_41
5.204999
4.022646
3.115015
1.668375
1.435799
1.000000
1.000000
0.388349
0.164815
0.000000
>10_42
5.244843
3.476818
2.618034
2.431365
2.000000
1.000000
0.681495
0.381966
0.165479
0.000000
>10_43
5.134970
4.275631
2.618034
2.197061
1.222801
1.000000
1.000000
0.381966
0.169537
0.000000
>10_44
4.750465
3.618034
2.875774
2.618034
1.695939
1.381966
0.507841
0.381966
0.169981
0.000000
>10_45
6.103834
3.488008
2.517321
2.229329
1.000000
1.000000
1.000000
0.491072
0.170436
0.000000
>10_46
6.062058
4.209041
2.392180
1.551723
1.000000
1.000000
1.000000
0.612667
0.172331
0.000000
>10_47
4.876030
3.956295
2.906490
2.209057
2.000000
0.742004
0.661739
0.475476
0.172909
0.000000
>10_48
5.342999
3.749092
2.869676
2.349674
1.411217
1.000000
0.628814
0.471625
0.176903
0.000000
>10_49
4.747218
4.050238
3.217393
2.248649
1.229285
1.000000
1.000000
0.330015
0.177202
0.000000
>10_50
7.035531
3.495598
2.291421
1.000000
1.000000
1.000000
1.000000
1.000000
0.177450
0.000000
>10_51
5.339331
4.839333
2.454367
1.651551
1.000000
1.000000
1.000000
0.537930
0.177489
0.000000
>10_52
4.947412
4.170087
3.159274
2.311108
1.000000
1.000000
0.714135
0.518806
0.179178
0.000000
>10_53
5.345759
4.068049
3.322001
1.605037
1.000000
1.000000
1.000000
0.479172
0.179982
0.000000
>10_54
4.751662
3.586130
3.043691
2.318281
2.000000
1.182568
0.632870
0.298908
0.185889
0.000000
>10_55
5.347183
3.678099
3.058390
2.167060
1.469716
1.000000
0.682371
0.411115
0.186068
0.000000
>10_56
6.147832
3.831502
2.859643
1.413147
1.000000
1.000000
1.000000
0.560422
0.187454
0.000000
>10_57
5.337875
4.242407
2.879994
2.089790
1.000000
1.000000
0.720344
0.541486
0.188104
0.000000
>10_58
5.264089
4.029622
2.618034
2.274345
1.526798
1.000000
0.715371
0.381966
0.189777
0.000000
>10_59
6.080604
5.000000
1.729181
1.000000
1.000000
1.000000
1.000000
1.000000
0.190214
0.000000
>10_60
4.882057
3.940659
2.755716
2.618034
1.624866
1.000000
0.604744
0.381966
0.191957
0.000000
>10_61
6.109828
4.060020
2.489454
1.642875
1.000000
1.000000
1.000000
0.501135
0.196689
0.000000
>10_62
4.481194
3.246980
3.246980
2.688892
1.554958
1.554958
0.829914
0.198062
0.198062
0.000000
>10_63
4.715937
3.483178
3.246979
2.563397
1.554958
1.000000
1.000000
0.237487
0.198062
0.000000
>10_64
5.251628
3.246979
3.068601
2.383070
1.554958
1.342673
0.660335
0.293694
0.198062
0.000000
>10_65
6.106786
3.246980
3.078728
1.554958
1.446878
1.000000
1.000000
0.367607
0.198062
0.000000
>10_66
5.383931
4.170086
2.742438
2.311108
1.000000
1.000000
0.672088
0.518806
0.201543
0.000000
>10_67
5.305099
3.802726
3.045963
2.131904
1.196602
1.000000
1.000000
0.315530
0.202175
0.000000
>10_68
5.682097
4.112187
3.061977
1.471925
1.000000
1.000000
1.000000
0.469606
0.202208
0.000000
>10_69
7.037839
4.074820
1.679749
1.000000
1.000000
1.000000
1.000000
1.000000
0.207591
0.000000
>10_70
4.895803
3.855226
3.076120
2.288332
1.704948
1.000000
0.639381
0.332596
0.207595
0.000000
>10_71
4.791287
3.618034
2.618034
2.618034
2.000000
1.381966
0.381966
0.381966
0.208712
0.000000
>10_72
5.528918
4.791288
2.832551
1.000000
1.000000
1.000000
1.000000
0.638531
0.208712
0.000000
>10_73
5.462716
3.863901
3.136875
2.153233
1.000000
1.000000
0.687155
0.486156
0.209965
0.000000
>10_74
4.874153
3.732051
3.337500
2.367106
1.205886
1.000000
1.000000
0.267949
0.215355
0.000000
>10_75
6.159242
4.280312
2.698219
1.000000
1.000000
1.000000
1.000000
0.643903
0.218323
0.000000
>10_76
5.359473
3.787064
2.618034
2.401104
1.677051
1.000000
0.554751
0.381966
0.220556
0.000000
>10_77
5.387650
3.507399
3.091720
2.326835
1.428527
1.000000
0.707317
0.329812
0.220740
0.000000
>10_78
6.188787
3.543533
3.107963
1.496252
1.000000
1.000000
1.000000
0.441228
0.222236
0.000000
>10_79
5.397490
3.683724
2.618034
2.292500
2.000000
0.772598
0.627384
0.381966
0.226306
0.000000
>10_80
5.309767
3.181533
2.618034
2.618034
2.000000
1.276908
0.381966
0.381966
0.231792
0.000000
>10_81
5.710452
4.170086
2.440752
2.311108
1.000000
1.000000
0.615759
0.518806
0.233037
0.000000
>10_82
5.353425
4.161660
3.084718
1.826516
1.000000
1.000000
1.000000
0.337961
0.235720
0.000000
>10_83
6.191675
3.754344
2.472506
2.164846
1.000000
1.000000
0.678166
0.502728
0.235735
0.000000
>10_84
6.150413
3.187129
2.618034
2.320418
1.475714
1.000000
0.629759
0.381966
0.236566
0.000000
>10_85
5.747520
4.314785
3.162773
1.000000
1.000000
1.000000
1.000000
0.537899
0.237024
0.000000
>10_86
7.068614
3.192054
2.505474
1.509020
1.000000
1.000000
1.000000
0.481269
0.243570
0.000000
>10_87
6.153699
3.892025
2.618034
1.710125
1.000000
1.000000
1.000000
0.381966
0.244152
0.000000
>10_88
7.089698
3.799614
2.187903
1.000000
1.000000
1.000000
1.000000
0.669270
0.253515
0.000000
>10_89
8.024901
3.196374
1.522696
1.000000
1.000000
1.000000
1.000000
1.000000
0.256029
0.000000
>10_90
6.332700
4.454116
2.379095
1.000000
1.000000
1.000000
1.000000
0.574869
0.259220
0.000000
>10_91
5.712745
4.153313
2.618034
2.115674
1.000000
1.000000
0.754096
0.381966
0.264171
0.000000
>10_92
5.000000
3.732051
3.732051
2.000000
1.000000
1.000000
1.000000
0.267949
0.267949
0.000000
>10_93
5.500168
3.732051
3.174621
2.234459
1.000000
1.000000
0.748177
0.342575
0.267949
0.000000
>10_94
6.263543
3.732051
3.244360
1.000000
1.000000
1.000000
1.000000
0.492097
0.267949
0.000000
>10_95
6.356529
4.382674
2.455818
1.000000
1.000000
1.000000
1.000000
0.528316
0.276663
0.000000
>10_96
5.437359
3.494173
2.618034
2.618034
1.771321
1.000000
0.381966
0.381966
0.297146
0.000000
>10_97
6.701562
5.000000
1.000000
1.000000
1.000000
1.000000
1.000000
1.000000
0.298438
0.000000
>10_98
6.229085
3.537943
2.618034
2.270369
1.000000
1.000000
0.659598
0.381966
0.303005
0.000000
>10_99
7.180140
4.511128
1.000000
1.000000
1.000000
1.000000
1.000000
1.000000
0.308732
0.000000
>10_100
7.119161
3.570931
2.492764
1.000000
1.000000
1.000000
1.000000
0.504126
0.313018
0.000000
>10_101
8.059320
3.595591
1.000000
1.000000
1.000000
1.000000
1.000000
1.000000
0.345089
0.000000
>10_102
6.192583
2.618034
2.618034
2.618034
2.000000
0.807418
0.381966
0.381966
0.381966
0.000000
>10_103
7.099648
2.618034
2.618034
2.283537
1.000000
1.000000
0.616815
0.381966
0.381966
0.000000
>10_104
8.048046
2.618034
2.443433
1.000000
1.000000
1.000000
1.000000
0.508521
0.381966
0.000000
>10_105
9.018092
2.546445
1.000000
1.000000
1.000000
1.000000
1.000000
1.000000
0.435463
0.000000
>10_106
10.000000
1.000000
1.000000
1.000000
1.000000
1.000000
1.000000
1.000000
1.000000
0.000000
