>7_1
3.8019
3.2470
2.4450
1.5550
0.7530
0.1981
0.0000
>7_2
4.2283
3.3604
2.1859
1.0000
1.0000
0.2254
0.0000
>7_3
4.3342
3.0996
2.2742
1.4055
0.6262
0.2603
0.0000
>7_4
4.4142
3.7321
1.5858
1.0000
1.0000
0.2679
0.0000
>7_5
5.0965
3.1169
1.4911
1.0000
1.0000
0.2955
0.0000
>7_6
4.6287
3.2297
2.1397
1.0000
0.6802
0.3217
0.0000
>7_7
5.1642
2.6180
2.2271
1.0000
0.6086
0.3820
0.0000
>7_8
4.4142
2.6180
2.6180
1.5858
0.3820
0.3820
0.0000
>7_9
5.2618
3.3399
1.0000
1.0000
1.0000
0.3983
0.0000
>7_10
6.0514
2.4827
1.0000
1.0000
1.0000
0.4659
0.0000
>7_11
7.0000
1.0000
1.0000
1.0000
1.0000
1.0000
0.0000
