>8_1
3.8478
3.4142
2.7654
2.0000
1.2346
0.5858
0.1522
0.0000
>8_2
4.2332
3.5643
2.6729
1.6353
1.0000
0.7276
0.1667
0.0000
>8_3
4.3429
3.4142
2.4707
2.0000
1.0000
0.5858
0.1864
0.0000
>8_4
4.3429
4.0000
2.4707
1.0000
1.0000
1.0000
0.1864
0.0000
>8_5
4.3623
3.2470
2.8258
1.5550
1.3204
0.4915
0.1981
0.0000
>8_6
5.0979
3.4527
2.2472
1.0000
1.0000
1.0000
0.2023
0.0000
>8_7
4.4763
3.8408
2.3537
1.4977
1.0000
0.6177
0.2137
0.0000
>8_8
4.6412
3.4142
2.7237
1.4108
1.0000
0.5858
0.2243
0.0000
>8_9
5.1249
4.0000
1.6367
1.0000
1.0000
1.0000
0.2384
0.0000
>8_10
4.4383
3.1386
2.6180
2.0000
1.1798
0.3820
0.2434
0.0000
>8_11
4.6855
3.4142
2.3349
2.0000
0.7287
0.5858
0.2509
0.0000
>8_12
5.1732
3.1504
2.4066
1.4689
1.0000
0.5472
0.2538
0.0000
>8_13
4.8136
3.7321
2.5293
1.0000
1.0000
0.6571
0.2679
0.0000
>8_14
6.0548
3.1610
1.5068
1.0000
1.0000
1.0000
0.2774
0.0000
>8_15
5.2819
3.5857
2.1694
1.0000
1.0000
0.6742
0.2888
0.0000
>8_16
4.6935
3.3297
2.6180
1.6703
1.0000
0.3820
0.3065
0.0000
>8_17
5.3234
3.4142
2.3579
1.0000
1.0000
0.5858
0.3187
0.0000
>8_18
5.6458
4.0000
1.0000
1.0000
1.0000
1.0000
0.3542
0.0000
>8_19
6.1413
3.4849
1.0000
1.0000
1.0000
1.0000
0.3738
0.0000
>8_20
5.2361
2.6180
2.6180
2.0000
0.7639
0.3820
0.3820
0.0000
>8_21
6.1004
2.6180
2.3389
1.0000
1.0000
0.5607
0.3820
0.0000
>8_22
7.0340
2.5135
1.0000
1.0000
1.0000
1.0000
0.4525
0.0000
>8_23
8.0000
1.0000
1.0000
1.0000
1.0000
1.0000
1.0000
0.0000
