>9_1
3.879385
3.532089
3.000000
2.347296
1.652704
1.000000
0.467911
0.120615
0.000000
>9_2
4.234993
3.688111
3.000000
2.132625
1.261349
1.000000
0.554046
0.1289
0.000000
>9_3
4.302775
4.114907
3.000000
1.745898
1.000000
1.000000
0.697224
0.1392
0.000000
>9_4
4.345520
3.598829
2.778403
2.244875
1.580303
0.775431
0.536221
0.140419
0.000000
>9_5
5.098048
3.632979
2.740476
1.662858
1.000000
1.000000
0.716895
0.148744
0.000000
>9_6
4.369943
3.457608
3.000000
2.172382
1.422900
1.000000
0.426595
0.1506
0.000000
>9_7
4.406487
4.074755
2.675713
2.112782
1.000000
1.000000
0.576450
0.153813
0.000000
>9_8
4.643711
3.572346
3.000000
2.089196
1.000000
1.000000
0.532054
0.1627
0.000000
>9_9
5.101875
4.165248
2.567952
1.000000
1.000000
1.000000
1.000000
0.164924
0.000000
>9_10
4.490864
3.879385
3.000000
1.652704
1.343380
1.000000
0.467911
0.1658
0.000000
>9_11
4.444234
3.442099
2.618034
2.416470
1.676084
0.850274
0.381966
0.170839
0.000000
>9_12
4.523095
3.956295
2.485084
2.209057
1.433111
0.661739
0.558709
0.172909
0.000000
>9_13
5.1743
3.4670
2.4961
2.1609
1.0000
1.0000
0.5242
0.1774
0.0000
>9_14
4.690744
4.044429
3.000000
1.509452
1.000000
1.000000
0.572330
0.183044
0.000000
>9_15
4.695793
3.537216
2.853244
2.133768
1.407295
0.704276
0.482177
0.186231
0.000000
>9_16
6.055033
3.481908
2.275456
1.000000
1.000000
1.000000
1.000000
0.187603
0.000000
>9_17
5.129580
4.154492
2.379817
1.533325
1.000000
1.000000
0.614423
0.1884
0.000000
>9_18
4.542625
3.906389
2.618034
2.144855
1.210843
1.000000
0.381966
0.1953
0.000000
>9_19
4.460505
3.246979
3.000000
2.239123
1.554958
1.000000
0.300372
0.1981
0.000000
>9_20
5.181943
3.246979
3.000000
1.554958
1.406421
1.000000
0.411636
0.1981
0.000000
>9_21
5.284185
3.704552
2.827341
1.412380
1.000000
1.000000
0.569310
0.202232
0.000000
>9_22
5.196868
4.017014
2.442531
1.598872
1.000000
1.000000
0.540455
0.2043
0.000000
>9_23
5.302776
4.791288
1.697224
1.000000
1.000000
1.000000
1.000000
0.208712
0.000000
>9_24
4.846778
3.852524
2.733780
2.078248
1.000000
0.722292
0.554591
0.2118
0.000000
>9_25
6.061534
4.054923
1.663414
1.000000
1.000000
1.000000
1.000000
0.220129
0.000000
>9_26
4.704887
3.441330
3.000000
2.107105
1.192283
1.000000
0.332740
0.221654
0.000000
>9_27
5.3298
3.4838
3.0000
1.4712
1.0000
1.0000
0.4919
0.2232
0.0000
>9_28
4.742058
3.513224
2.618034
2.259109
1.612915
0.641626
0.381966
0.231068
0.000000
>9_29
5.331354
4.132383
2.650117
1.000000
1.000000
1.000000
0.648415
0.237731
0.000000
>9_30
5.243924
3.169165
2.618034
2.203170
1.424042
0.719940
0.381966
0.239759
0.000000
>9_31
5.3411
3.6434
2.4166
2.1297
1.0000
0.6893
0.5371
0.2427
0.0000
>9_32
6.103619
3.176655
2.470175
1.494967
1.000000
1.000000
0.506333
0.2483
0.000000
>9_33
7.035470
3.183201
1.516295
1.000000
1.000000
1.000000
1.000000
0.265034
0.000000
>9_34
4.866198
3.732051
3.000000
1.789244
1.000000
1.000000
0.344558
0.267949
0.000000
>9_35
5.302775
3.732051
2.618034
1.697224
1.000000
1.000000
0.381966
0.267949
0.000000
>9_36
5.449490
3.732051
3.000000
1.000000
1.000000
1.000000
0.550510
0.267949
0.000000
>9_37
6.147430
3.732051
2.181442
1.000000
1.000000
1.000000
0.671128
0.267949
0.000000
>9_38
5.679251
4.086351
2.373491
1.000000
1.000000
1.000000
0.578436
0.2825
0.000000
>9_39
5.381798
3.460869
2.618034
2.096025
1.000000
0.756618
0.381966
0.3047
0.000000
>9_40
6.186005
3.515223
2.447452
1.000000
1.000000
1.000000
0.535561
0.3158
0.000000
>9_41
6.320885
4.351939
1.000000
1.000000
1.000000
1.000000
1.000000
0.3272
0.000000
>9_42
7.087406
3.555434
1.000000
1.000000
1.000000
1.000000
1.000000
0.3572
0.000000
>9_43
5.302776
2.618034
2.618034
2.618034
1.697224
0.381966
0.381966
0.3820
0.000000
>9_44
6.147430
2.618034
2.618034
2.181442
1.000000
0.671128
0.381966
0.3820
0.000000
>9_45
7.067240
2.618034
2.402750
1.000000
1.000000
1.000000
0.530010
0.3820
0.000000
>9_46
8.024205
2.532998
1.000000
1.000000
1.000000
1.000000
1.000000
0.4428
0.000000
>9_47
9.000000
1.000000
1.000000
1.000000
1.000000
1.000000
1.000000
1.000000
0.000000
